"","Party","Seats","date"
"1","CON",287,2015-04-06 00:02:21
"2","LAB",271,2015-04-06 00:02:21
"3","SNP",42,2015-04-06 00:02:21
"4","LD",27,2015-04-06 00:02:21
"5","DUP",8,2015-04-06 00:02:21
"6","UKIP",1,2015-04-06 00:02:21
"7","SDLP",3,2015-04-06 00:02:21
"8","GRN",1,2015-04-06 00:02:21
"9","SPK",1,2015-04-06 00:02:21
"10","IND",1,2015-04-06 00:02:21
"11","SF",5,2015-04-06 00:02:21
"12","ALI",1,2015-04-06 00:02:21
"13","PC",2,2015-04-06 00:02:21
"14","CON",283,2015-04-04 00:02:20
"15","LAB",277,2015-04-04 00:02:20
"16","SNP",40,2015-04-04 00:02:20
"17","LD",26,2015-04-04 00:02:20
"18","DUP",8,2015-04-04 00:02:20
"19","UKIP",1,2015-04-04 00:02:20
"20","SDLP",3,2015-04-04 00:02:20
"21","GRN",1,2015-04-04 00:02:20
"22","SPK",1,2015-04-04 00:02:20
"23","IND",1,2015-04-04 00:02:20
"24","SF",5,2015-04-04 00:02:20
"25","ALI",1,2015-04-04 00:02:20
"26","PC",3,2015-04-04 00:02:20
"27","CON",284,2015-04-03 00:02:21
"28","LAB",276,2015-04-03 00:02:21
"29","SNP",40,2015-04-03 00:02:21
"30","LD",26,2015-04-03 00:02:21
"31","DUP",8,2015-04-03 00:02:21
"32","UKIP",1,2015-04-03 00:02:21
"33","SDLP",3,2015-04-03 00:02:21
"34","GRN",1,2015-04-03 00:02:21
"35","SPK",1,2015-04-03 00:02:21
"36","IND",1,2015-04-03 00:02:21
"37","SF",5,2015-04-03 00:02:21
"38","ALI",1,2015-04-03 00:02:21
"39","PC",3,2015-04-03 00:02:21
"40","CON",282,2015-04-02 08:57:44
"41","LAB",278,2015-04-02 08:57:44
"42","SNP",40,2015-04-02 08:57:44
"43","LD",26,2015-04-02 08:57:44
"44","DUP",8,2015-04-02 08:57:44
"45","UKIP",1,2015-04-02 08:57:44
"46","SDLP",3,2015-04-02 08:57:44
"47","GRN",1,2015-04-02 08:57:44
"48","SPK",1,2015-04-02 08:57:44
"49","IND",1,2015-04-02 08:57:44
"50","SF",5,2015-04-02 08:57:44
"51","ALI",1,2015-04-02 08:57:44
"52","PC",3,2015-04-02 08:57:44
"53","CON",282,2015-04-01 00:02:21
"54","LAB",280,2015-04-01 00:02:21
"55","SNP",38,2015-04-01 00:02:21
"56","LD",26,2015-04-01 00:02:21
"57","DUP",8,2015-04-01 00:02:21
"58","UKIP",1,2015-04-01 00:02:21
"59","SDLP",3,2015-04-01 00:02:21
"60","GRN",1,2015-04-01 00:02:21
"61","SPK",1,2015-04-01 00:02:21
"62","IND",1,2015-04-01 00:02:21
"63","SF",5,2015-04-01 00:02:21
"64","ALI",1,2015-04-01 00:02:21
"65","PC",3,2015-04-01 00:02:21
"66","CON",285,2015-03-31 00:01:02
"67","LAB",279,2015-03-31 00:01:02
"68","SNP",37,2015-03-31 00:01:02
"69","LD",26,2015-03-31 00:01:02
"70","DUP",8,2015-03-31 00:01:02
"71","UKIP",1,2015-03-31 00:01:02
"72","SDLP",3,2015-03-31 00:01:02
"73","GRN",1,2015-03-31 00:01:02
"74","SPK",1,2015-03-31 00:01:02
"75","IND",1,2015-03-31 00:01:02
"76","SF",5,2015-03-31 00:01:02
"77","ALI",1,2015-03-31 00:01:02
"78","PC",2,2015-03-31 00:01:02
"79","CON",282,2015-03-30 00:02:21
"80","LAB",281,2015-03-30 00:02:21
"81","SNP",36,2015-03-30 00:02:21
"82","LD",27,2015-03-30 00:02:21
"83","DUP",8,2015-03-30 00:02:21
"84","UKIP",1,2015-03-30 00:02:21
"85","SDLP",3,2015-03-30 00:02:21
"86","GRN",1,2015-03-30 00:02:21
"87","SPK",1,2015-03-30 00:02:21
"88","IND",1,2015-03-30 00:02:21
"89","SF",5,2015-03-30 00:02:21
"90","ALI",1,2015-03-30 00:02:21
"91","PC",3,2015-03-30 00:02:21
"92","CON",286,2015-03-28 00:02:21
"93","LAB",277,2015-03-28 00:02:21
"94","SNP",39,2015-03-28 00:02:21
"95","LD",25,2015-03-28 00:02:21
"96","DUP",8,2015-03-28 00:02:21
"97","UKIP",1,2015-03-28 00:02:21
"98","SDLP",3,2015-03-28 00:02:21
"99","GRN",1,2015-03-28 00:02:21
"100","SPK",1,2015-03-28 00:02:21
"101","IND",1,2015-03-28 00:02:21
"102","SF",5,2015-03-28 00:02:21
"103","ALI",1,2015-03-28 00:02:21
"104","PC",2,2015-03-28 00:02:21
"105","CON",283,2015-03-27 00:02:22
"106","LAB",280,2015-03-27 00:02:22
"107","SNP",38,2015-03-27 00:02:22
"108","LD",26,2015-03-27 00:02:22
"109","DUP",8,2015-03-27 00:02:22
"110","UKIP",1,2015-03-27 00:02:22
"111","SDLP",3,2015-03-27 00:02:22
"112","GRN",1,2015-03-27 00:02:22
"113","SPK",1,2015-03-27 00:02:22
"114","IND",1,2015-03-27 00:02:22
"115","SF",5,2015-03-27 00:02:22
"116","ALI",1,2015-03-27 00:02:22
"117","PC",2,2015-03-27 00:02:22
"118","CON",284,2015-03-26 00:02:22
"119","LAB",279,2015-03-26 00:02:22
"120","SNP",38,2015-03-26 00:02:22
"121","LD",26,2015-03-26 00:02:22
"122","DUP",8,2015-03-26 00:02:22
"123","UKIP",1,2015-03-26 00:02:22
"124","SDLP",3,2015-03-26 00:02:22
"125","GRN",1,2015-03-26 00:02:22
"126","SPK",1,2015-03-26 00:02:22
"127","IND",1,2015-03-26 00:02:22
"128","SF",5,2015-03-26 00:02:22
"129","ALI",1,2015-03-26 00:02:22
"130","PC",2,2015-03-26 00:02:22
"131","CON",284,2015-03-25 00:02:20
"132","LAB",278,2015-03-25 00:02:20
"133","SNP",39,2015-03-25 00:02:20
"134","LD",26,2015-03-25 00:02:20
"135","DUP",8,2015-03-25 00:02:20
"136","UKIP",1,2015-03-25 00:02:20
"137","SDLP",3,2015-03-25 00:02:20
"138","GRN",1,2015-03-25 00:02:20
"139","SPK",1,2015-03-25 00:02:20
"140","IND",1,2015-03-25 00:02:20
"141","SF",5,2015-03-25 00:02:20
"142","ALI",1,2015-03-25 00:02:20
"143","PC",2,2015-03-25 00:02:20
"144","CON",284,2015-03-23 18:01:20
"145","LAB",277,2015-03-23 18:01:20
"146","SNP",40,2015-03-23 18:01:20
"147","LD",26,2015-03-23 18:01:20
"148","DUP",8,2015-03-23 18:01:20
"149","UKIP",1,2015-03-23 18:01:20
"150","SDLP",3,2015-03-23 18:01:20
"151","GRN",1,2015-03-23 18:01:20
"152","SPK",1,2015-03-23 18:01:20
"153","IND",1,2015-03-23 18:01:20
"154","SF",5,2015-03-23 18:01:20
"155","ALI",1,2015-03-23 18:01:20
"156","PC",2,2015-03-23 18:01:20
"157","CON",286,2015-03-22 08:49:50
"158","LAB",276,2015-03-22 08:49:50
"159","SNP",39,2015-03-22 08:49:50
"160","LD",26,2015-03-22 08:49:50
"161","DUP",8,2015-03-22 08:49:50
"162","UKIP",1,2015-03-22 08:49:50
"163","SDLP",3,2015-03-22 08:49:50
"164","GRN",1,2015-03-22 08:49:50
"165","SPK",1,2015-03-22 08:49:50
"166","IND",1,2015-03-22 08:49:50
"167","SF",5,2015-03-22 08:49:50
"168","ALI",1,2015-03-22 08:49:50
"169","PC",2,2015-03-22 08:49:50
"170","CON",285,2015-03-20 21:08:49
"171","LAB",276,2015-03-20 21:08:49
"172","SNP",40,2015-03-20 21:08:49
"173","LD",26,2015-03-20 21:08:49
"174","DUP",8,2015-03-20 21:08:49
"175","UKIP",1,2015-03-20 21:08:49
"176","SDLP",3,2015-03-20 21:08:49
"177","GRN",1,2015-03-20 21:08:49
"178","SPK",1,2015-03-20 21:08:49
"179","IND",1,2015-03-20 21:08:49
"180","SF",5,2015-03-20 21:08:49
"181","ALI",1,2015-03-20 21:08:49
"182","PC",2,2015-03-20 21:08:49
"183","CON",284,2015-03-19 19:35:48
"184","LAB",278,2015-03-19 19:35:48
"185","SNP",40,2015-03-19 19:35:48
"186","LD",25,2015-03-19 19:35:48
"187","DUP",9,2015-03-19 19:35:48
"188","UKIP",1,2015-03-19 19:35:48
"189","SDLP",3,2015-03-19 19:35:48
"190","GRN",1,2015-03-19 19:35:48
"191","SPK",1,2015-03-19 19:35:48
"192","IND",1,2015-03-19 19:35:48
"193","SF",5,2015-03-19 19:35:48
"194","ALI",1,2015-03-19 19:35:48
"195","PC",1,2015-03-19 19:35:48
"196","CON",284,2015-03-18 18:44:14
"197","LAB",279,2015-03-18 18:44:14
"198","SNP",39,2015-03-18 18:44:14
"199","LD",25,2015-03-18 18:44:14
"200","DUP",9,2015-03-18 18:44:14
"201","UKIP",1,2015-03-18 18:44:14
"202","SDLP",3,2015-03-18 18:44:14
"203","GRN",1,2015-03-18 18:44:14
"204","SPK",1,2015-03-18 18:44:14
"205","IND",1,2015-03-18 18:44:14
"206","SF",5,2015-03-18 18:44:14
"207","ALI",1,2015-03-18 18:44:14
"208","PC",1,2015-03-18 18:44:14
"209","CON",285,2015-03-17 18:12:04
"210","LAB",280,2015-03-17 18:12:04
"211","SNP",37,2015-03-17 18:12:04
"212","LD",25,2015-03-17 18:12:04
"213","DUP",8,2015-03-17 18:12:04
"214","UKIP",1,2015-03-17 18:12:04
"215","SDLP",3,2015-03-17 18:12:04
"216","GRN",1,2015-03-17 18:12:04
"217","SPK",1,2015-03-17 18:12:04
"218","IND",1,2015-03-17 18:12:04
"219","SF",5,2015-03-17 18:12:04
"220","ALI",1,2015-03-17 18:12:04
"221","PC",2,2015-03-17 18:12:04
"222","CON",286,2015-03-16 18:34:19
"223","LAB",274,2015-03-16 18:34:19
"224","SNP",42,2015-03-16 18:34:19
"225","LD",25,2015-03-16 18:34:19
"226","DUP",8,2015-03-16 18:34:19
"227","UKIP",1,2015-03-16 18:34:19
"228","SDLP",3,2015-03-16 18:34:19
"229","GRN",1,2015-03-16 18:34:19
"230","SPK",1,2015-03-16 18:34:19
"231","IND",1,2015-03-16 18:34:19
"232","SF",5,2015-03-16 18:34:19
"233","ALI",1,2015-03-16 18:34:19
"234","PC",2,2015-03-16 18:34:19
"235","CON",286,2015-03-15 08:38:13
"236","LAB",273,2015-03-15 08:38:13
"237","SNP",42,2015-03-15 08:38:13
"238","LD",26,2015-03-15 08:38:13
"239","DUP",8,2015-03-15 08:38:13
"240","UKIP",1,2015-03-15 08:38:13
"241","SDLP",3,2015-03-15 08:38:13
"242","GRN",1,2015-03-15 08:38:13
"243","SPK",1,2015-03-15 08:38:13
"244","IND",1,2015-03-15 08:38:13
"245","SF",5,2015-03-15 08:38:13
"246","ALI",1,2015-03-15 08:38:13
"247","PC",2,2015-03-15 08:38:13
"248","CON",288,2015-03-13 12:40:00
"249","LAB",271,2015-03-13 12:40:00
"250","SNP",42,2015-03-13 12:40:00
"251","LD",26,2015-03-13 12:40:00
"252","DUP",8,2015-03-13 12:40:00
"253","UKIP",1,2015-03-13 12:40:00
"254","SDLP",3,2015-03-13 12:40:00
"255","GRN",1,2015-03-13 12:40:00
"256","SPK",1,2015-03-13 12:40:00
"257","IND",1,2015-03-13 12:40:00
"258","SF",5,2015-03-13 12:40:00
"259","ALI",1,2015-03-13 12:40:00
"260","PC",2,2015-03-13 12:40:00
"261","CON",290,2015-03-12 23:40:19
"262","LAB",275,2015-03-12 23:40:19
"263","SNP",39,2015-03-12 23:40:19
"264","LD",24,2015-03-12 23:40:19
"265","DUP",8,2015-03-12 23:40:19
"266","UKIP",1,2015-03-12 23:40:19
"267","SDLP",3,2015-03-12 23:40:19
"268","GRN",1,2015-03-12 23:40:19
"269","SPK",1,2015-03-12 23:40:19
"270","IND",1,2015-03-12 23:40:19
"271","SF",5,2015-03-12 23:40:19
"272","ALI",1,2015-03-12 23:40:19
"273","PC",1,2015-03-12 23:40:19
"274","CON",295,2015-03-11 14:40:08
"275","LAB",267,2015-03-11 14:40:08
"276","SNP",42,2015-03-11 14:40:08
"277","LD",24,2015-03-11 14:40:08
"278","DUP",8,2015-03-11 14:40:08
"279","UKIP",1,2015-03-11 14:40:08
"280","SDLP",3,2015-03-11 14:40:08
"281","GRN",1,2015-03-11 14:40:08
"282","SPK",1,2015-03-11 14:40:08
"283","IND",1,2015-03-11 14:40:08
"284","SF",5,2015-03-11 14:40:08
"285","ALI",1,2015-03-11 14:40:08
"286","PC",1,2015-03-11 14:40:08
"287","CON",293,2015-03-10 19:46:45
"288","LAB",271,2015-03-10 19:46:45
"289","SNP",40,2015-03-10 19:46:45
"290","LD",24,2015-03-10 19:46:45
"291","DUP",8,2015-03-10 19:46:45
"292","UKIP",1,2015-03-10 19:46:45
"293","SDLP",3,2015-03-10 19:46:45
"294","GRN",1,2015-03-10 19:46:45
"295","SPK",1,2015-03-10 19:46:45
"296","IND",1,2015-03-10 19:46:45
"297","SF",5,2015-03-10 19:46:45
"298","ALI",1,2015-03-10 19:46:45
"299","PC",1,2015-03-10 19:46:45
"300","CON",289,2015-03-09 17:13:12
"301","LAB",277,2015-03-09 17:13:12
"302","SNP",38,2015-03-09 17:13:12
"303","LD",24,2015-03-09 17:13:12
"304","DUP",8,2015-03-09 17:13:12
"305","UKIP",1,2015-03-09 17:13:12
"306","SDLP",3,2015-03-09 17:13:12
"307","GRN",1,2015-03-09 17:13:12
"308","SPK",1,2015-03-09 17:13:12
"309","IND",1,2015-03-09 17:13:12
"310","SF",5,2015-03-09 17:13:12
"311","ALI",1,2015-03-09 17:13:12
"312","PC",1,2015-03-09 17:13:12
"313","CON",288,2015-03-08 09:02:07
"314","LAB",278,2015-03-08 09:02:07
"315","SNP",37,2015-03-08 09:02:07
"316","LD",25,2015-03-08 09:02:07
"317","DUP",8,2015-03-08 09:02:07
"318","UKIP",1,2015-03-08 09:02:07
"319","SDLP",3,2015-03-08 09:02:07
"320","GRN",1,2015-03-08 09:02:07
"321","SPK",1,2015-03-08 09:02:07
"322","IND",1,2015-03-08 09:02:07
"323","SF",5,2015-03-08 09:02:07
"324","ALI",1,2015-03-08 09:02:07
"325","PC",1,2015-03-08 09:02:07
"326","CON",286,2015-03-06 18:40:15
"327","LAB",280,2015-03-06 18:40:15
"328","SNP",38,2015-03-06 18:40:15
"329","LD",24,2015-03-06 18:40:15
"330","DUP",8,2015-03-06 18:40:15
"331","UKIP",1,2015-03-06 18:40:15
"332","SDLP",3,2015-03-06 18:40:15
"333","GRN",1,2015-03-06 18:40:15
"334","SPK",1,2015-03-06 18:40:15
"335","IND",1,2015-03-06 18:40:15
"336","SF",5,2015-03-06 18:40:15
"337","ALI",1,2015-03-06 18:40:15
"338","PC",1,2015-03-06 18:40:15
"339","CON",288,2015-03-05 19:42:21
"340","LAB",278,2015-03-05 19:42:21
"341","SNP",38,2015-03-05 19:42:21
"342","LD",24,2015-03-05 19:42:21
"343","DUP",8,2015-03-05 19:42:21
"344","UKIP",1,2015-03-05 19:42:21
"345","SDLP",3,2015-03-05 19:42:21
"346","GRN",1,2015-03-05 19:42:21
"347","SPK",1,2015-03-05 19:42:21
"348","IND",1,2015-03-05 19:42:21
"349","SF",5,2015-03-05 19:42:21
"350","ALI",1,2015-03-05 19:42:21
"351","PC",1,2015-03-05 19:42:21
"352","CON",288,2015-03-04 21:09:34
"353","LAB",277,2015-03-04 21:09:34
"354","SNP",39,2015-03-04 21:09:34
"355","LD",24,2015-03-04 21:09:34
"356","DUP",8,2015-03-04 21:09:34
"357","UKIP",1,2015-03-04 21:09:34
"358","SDLP",3,2015-03-04 21:09:34
"359","GRN",1,2015-03-04 21:09:34
"360","SPK",1,2015-03-04 21:09:34
"361","IND",1,2015-03-04 21:09:34
"362","SF",5,2015-03-04 21:09:34
"363","ALI",1,2015-03-04 21:09:34
"364","PC",1,2015-03-04 21:09:34
"365","CON",287,2015-03-03 15:58:29
"366","LAB",275,2015-03-03 15:58:29
"367","SNP",39,2015-03-03 15:58:29
"368","LD",26,2015-03-03 15:58:29
"369","DUP",8,2015-03-03 15:58:29
"370","UKIP",1,2015-03-03 15:58:29
"371","SDLP",3,2015-03-03 15:58:29
"372","GRN",1,2015-03-03 15:58:29
"373","SPK",1,2015-03-03 15:58:29
"374","IND",1,2015-03-03 15:58:29
"375","SF",5,2015-03-03 15:58:29
"376","ALI",1,2015-03-03 15:58:29
"377","PC",2,2015-03-03 15:58:29
"378","CON",283,2015-03-02 16:52:53
"379","LAB",279,2015-03-02 16:52:53
"380","SNP",38,2015-03-02 16:52:53
"381","LD",27,2015-03-02 16:52:53
"382","DUP",8,2015-03-02 16:52:53
"383","UKIP",1,2015-03-02 16:52:53
"384","SDLP",3,2015-03-02 16:52:53
"385","GRN",1,2015-03-02 16:52:53
"386","SPK",1,2015-03-02 16:52:53
"387","IND",1,2015-03-02 16:52:53
"388","SF",5,2015-03-02 16:52:53
"389","ALI",1,2015-03-02 16:52:53
"390","PC",2,2015-03-02 16:52:53
"391","CON",284,2015-03-01 10:04:11
"392","LAB",279,2015-03-01 10:04:11
"393","SNP",37,2015-03-01 10:04:11
"394","LD",27,2015-03-01 10:04:11
"395","DUP",8,2015-03-01 10:04:11
"396","UKIP",1,2015-03-01 10:04:11
"397","SDLP",3,2015-03-01 10:04:11
"398","GRN",1,2015-03-01 10:04:11
"399","SPK",1,2015-03-01 10:04:11
"400","IND",1,2015-03-01 10:04:11
"401","SF",5,2015-03-01 10:04:11
"402","ALI",1,2015-03-01 10:04:11
"403","PC",2,2015-03-01 10:04:11
"404","CON",285,2015-02-27 18:02:29
"405","LAB",276,2015-02-27 18:02:29
"406","SNP",39,2015-02-27 18:02:29
"407","LD",27,2015-02-27 18:02:29
"408","DUP",9,2015-02-27 18:02:29
"409","UKIP",1,2015-02-27 18:02:29
"410","SDLP",3,2015-02-27 18:02:29
"411","GRN",1,2015-02-27 18:02:29
"412","SPK",1,2015-02-27 18:02:29
"413","IND",1,2015-02-27 18:02:29
"414","SF",5,2015-02-27 18:02:29
"415","ALI",1,2015-02-27 18:02:29
"416","PC",1,2015-02-27 18:02:29
"417","CON",285,2015-02-26 17:05:39
"418","LAB",279,2015-02-26 17:05:39
"419","SNP",39,2015-02-26 17:05:39
"420","LD",25,2015-02-26 17:05:39
"421","DUP",9,2015-02-26 17:05:39
"422","UKIP",1,2015-02-26 17:05:39
"423","SDLP",3,2015-02-26 17:05:39
"424","GRN",1,2015-02-26 17:05:39
"425","SPK",1,2015-02-26 17:05:39
"426","IND",1,2015-02-26 17:05:39
"427","SF",5,2015-02-26 17:05:39
"428","ALI",1,2015-02-26 17:05:39
"429","PC",0,2015-02-26 17:05:39
"430","CON",284,2015-02-25 15:29:21
"431","LAB",279,2015-02-25 15:29:21
"432","SNP",39,2015-02-25 15:29:21
"433","LD",25,2015-02-25 15:29:21
"434","DUP",9,2015-02-25 15:29:21
"435","UKIP",1,2015-02-25 15:29:21
"436","SDLP",3,2015-02-25 15:29:21
"437","GRN",1,2015-02-25 15:29:21
"438","SPK",1,2015-02-25 15:29:21
"439","IND",1,2015-02-25 15:29:21
"440","SF",5,2015-02-25 15:29:21
"441","ALI",1,2015-02-25 15:29:21
"442","PC",1,2015-02-25 15:29:21
"443","CON",284,2015-02-24 17:58:11
"444","LAB",280,2015-02-24 17:58:11
"445","SNP",38,2015-02-24 17:58:11
"446","LD",25,2015-02-24 17:58:11
"447","DUP",9,2015-02-24 17:58:11
"448","UKIP",1,2015-02-24 17:58:11
"449","SDLP",3,2015-02-24 17:58:11
"450","GRN",1,2015-02-24 17:58:11
"451","SPK",1,2015-02-24 17:58:11
"452","IND",1,2015-02-24 17:58:11
"453","SF",5,2015-02-24 17:58:11
"454","ALI",1,2015-02-24 17:58:11
"455","PC",1,2015-02-24 17:58:11
"456","LAB",284,2015-02-23 17:49:30
"457","CON",282,2015-02-23 17:49:30
"458","SNP",37,2015-02-23 17:49:30
"459","LD",25,2015-02-23 17:49:30
"460","DUP",9,2015-02-23 17:49:30
"461","UKIP",1,2015-02-23 17:49:30
"462","SDLP",3,2015-02-23 17:49:30
"463","GRN",1,2015-02-23 17:49:30
"464","SPK",1,2015-02-23 17:49:30
"465","IND",1,2015-02-23 17:49:30
"466","SF",5,2015-02-23 17:49:30
"467","ALI",1,2015-02-23 17:49:30
"468","PC",0,2015-02-23 17:49:30
"469","CON",284,2015-02-22 09:51:49
"470","LAB",281,2015-02-22 09:51:49
"471","SNP",37,2015-02-22 09:51:49
"472","LD",25,2015-02-22 09:51:49
"473","DUP",9,2015-02-22 09:51:49
"474","UKIP",1,2015-02-22 09:51:49
"475","SDLP",3,2015-02-22 09:51:49
"476","GRN",1,2015-02-22 09:51:49
"477","SPK",1,2015-02-22 09:51:49
"478","IND",1,2015-02-22 09:51:49
"479","SF",5,2015-02-22 09:51:49
"480","ALI",1,2015-02-22 09:51:49
"481","PC",1,2015-02-22 09:51:49
"482","CON",282,2015-02-20 19:29:38
"483","LAB",280,2015-02-20 19:29:38
"484","SNP",40,2015-02-20 19:29:38
"485","LD",25,2015-02-20 19:29:38
"486","DUP",9,2015-02-20 19:29:38
"487","UKIP",2,2015-02-20 19:29:38
"488","SDLP",3,2015-02-20 19:29:38
"489","GRN",1,2015-02-20 19:29:38
"490","SPK",1,2015-02-20 19:29:38
"491","IND",1,2015-02-20 19:29:38
"492","SF",5,2015-02-20 19:29:38
"493","ALI",1,2015-02-20 19:29:38
"494","PC",0,2015-02-20 19:29:38
"495","LAB",282,2015-02-19 15:23:48
"496","CON",281,2015-02-19 15:23:48
"497","SNP",39,2015-02-19 15:23:48
"498","LD",25,2015-02-19 15:23:48
"499","DUP",9,2015-02-19 15:23:48
"500","UKIP",2,2015-02-19 15:23:48
"501","SDLP",3,2015-02-19 15:23:48
"502","GRN",1,2015-02-19 15:23:48
"503","SPK",1,2015-02-19 15:23:48
"504","IND",1,2015-02-19 15:23:48
"505","SF",5,2015-02-19 15:23:48
"506","ALI",1,2015-02-19 15:23:48
"507","PC",0,2015-02-19 15:23:48
"508","CON",283,2015-02-18 17:25:43
"509","LAB",280,2015-02-18 17:25:43
"510","SNP",38,2015-02-18 17:25:43
"511","LD",25,2015-02-18 17:25:43
"512","DUP",9,2015-02-18 17:25:43
"513","UKIP",2,2015-02-18 17:25:43
"514","SDLP",3,2015-02-18 17:25:43
"515","GRN",1,2015-02-18 17:25:43
"516","SPK",1,2015-02-18 17:25:43
"517","IND",1,2015-02-18 17:25:43
"518","SF",5,2015-02-18 17:25:43
"519","ALI",1,2015-02-18 17:25:43
"520","PC",1,2015-02-18 17:25:43
"521","LAB",282,2015-02-17 18:43:14
"522","CON",279,2015-02-17 18:43:14
"523","SNP",39,2015-02-17 18:43:14
"524","LD",26,2015-02-17 18:43:14
"525","DUP",9,2015-02-17 18:43:14
"526","UKIP",2,2015-02-17 18:43:14
"527","SDLP",3,2015-02-17 18:43:14
"528","GRN",1,2015-02-17 18:43:14
"529","SPK",1,2015-02-17 18:43:14
"530","IND",1,2015-02-17 18:43:14
"531","SF",5,2015-02-17 18:43:14
"532","ALI",1,2015-02-17 18:43:14
"533","PC",1,2015-02-17 18:43:14
"534","LAB",282,2015-02-16 19:41:59
"535","CON",279,2015-02-16 19:41:59
"536","SNP",39,2015-02-16 19:41:59
"537","LD",26,2015-02-16 19:41:59
"538","DUP",9,2015-02-16 19:41:59
"539","UKIP",2,2015-02-16 19:41:59
"540","SDLP",3,2015-02-16 19:41:59
"541","GRN",1,2015-02-16 19:41:59
"542","SPK",1,2015-02-16 19:41:59
"543","IND",1,2015-02-16 19:41:59
"544","SF",5,2015-02-16 19:41:59
"545","ALI",1,2015-02-16 19:41:59
"546","PC",1,2015-02-16 19:41:59
"547","LAB",284,2015-02-15 09:29:20
"548","CON",278,2015-02-15 09:29:20
"549","SNP",38,2015-02-15 09:29:20
"550","LD",26,2015-02-15 09:29:20
"551","DUP",9,2015-02-15 09:29:20
"552","UKIP",2,2015-02-15 09:29:20
"553","SDLP",3,2015-02-15 09:29:20
"554","GRN",1,2015-02-15 09:29:20
"555","SPK",1,2015-02-15 09:29:20
"556","IND",1,2015-02-15 09:29:20
"557","SF",5,2015-02-15 09:29:20
"558","ALI",1,2015-02-15 09:29:20
"559","PC",1,2015-02-15 09:29:20
"560","LAB",283,2015-02-13 17:09:11
"561","CON",280,2015-02-13 17:09:11
"562","SNP",37,2015-02-13 17:09:11
"563","LD",27,2015-02-13 17:09:11
"564","DUP",8,2015-02-13 17:09:11
"565","UKIP",2,2015-02-13 17:09:11
"566","SDLP",3,2015-02-13 17:09:11
"567","GRN",1,2015-02-13 17:09:11
"568","SPK",1,2015-02-13 17:09:11
"569","IND",1,2015-02-13 17:09:11
"570","SF",5,2015-02-13 17:09:11
"571","ALI",1,2015-02-13 17:09:11
"572","PC",1,2015-02-13 17:09:11
"573","CON",285,2015-02-08 12:30:04
"574","LAB",282,2015-02-08 12:30:04
"575","SNP",34,2015-02-08 12:30:04
"576","LD",26,2015-02-08 12:30:04
"577","DUP",8,2015-02-08 12:30:04
"578","UKIP",2,2015-02-08 12:30:04
"579","SDLP",3,2015-02-08 12:30:04
"580","GRN",1,2015-02-08 12:30:04
"581","SPK",1,2015-02-08 12:30:04
"582","IND",1,2015-02-08 12:30:04
"583","SF",5,2015-02-08 12:30:04
"584","ALI",1,2015-02-08 12:30:04
"585","PC",1,2015-02-08 12:30:04
"586","LAB",283,2015-02-06 16:46:53
"587","CON",282,2015-02-06 16:46:53
"588","SNP",37,2015-02-06 16:46:53
"589","LD",24,2015-02-06 16:46:53
"590","DUP",7,2015-02-06 16:46:53
"591","UKIP",2,2015-02-06 16:46:53
"592","SDLP",3,2015-02-06 16:46:53
"593","GRN",1,2015-02-06 16:46:53
"594","SPK",1,2015-02-06 16:46:53
"595","IND",1,2015-02-06 16:46:53
"596","SF",5,2015-02-06 16:46:53
"597","ALI",1,2015-02-06 16:46:53
"598","PC",3,2015-02-06 16:46:53
"599","CON",282,2015-02-05 15:48:35
"600","LAB",282,2015-02-05 15:48:35
"601","SNP",38,2015-02-05 15:48:35
"602","LD",24,2015-02-05 15:48:35
"603","DUP",7,2015-02-05 15:48:35
"604","UKIP",2,2015-02-05 15:48:35
"605","SDLP",3,2015-02-05 15:48:35
"606","GRN",1,2015-02-05 15:48:35
"607","SPK",1,2015-02-05 15:48:35
"608","IND",1,2015-02-05 15:48:35
"609","SF",5,2015-02-05 15:48:35
"610","ALI",1,2015-02-05 15:48:35
"611","PC",3,2015-02-05 15:48:35
"612","LAB",285,2015-02-04 11:28:15
"613","CON",280,2015-02-04 11:28:15
"614","SNP",36,2015-02-04 11:28:15
"615","LD",25,2015-02-04 11:28:15
"616","DUP",8,2015-02-04 11:28:15
"617","UKIP",2,2015-02-04 11:28:15
"618","SDLP",3,2015-02-04 11:28:15
"619","GRN",1,2015-02-04 11:28:15
"620","SPK",1,2015-02-04 11:28:15
"621","IND",1,2015-02-04 11:28:15
"622","SF",5,2015-02-04 11:28:15
"623","ALI",1,2015-02-04 11:28:15
"624","PC",2,2015-02-04 11:28:15
"625","LAB",289,2015-02-03 17:36:48
"626","CON",279,2015-02-03 17:36:48
"627","SNP",34,2015-02-03 17:36:48
"628","LD",24,2015-02-03 17:36:48
"629","DUP",8,2015-02-03 17:36:48
"630","UKIP",2,2015-02-03 17:36:48
"631","SDLP",3,2015-02-03 17:36:48
"632","GRN",1,2015-02-03 17:36:48
"633","SPK",1,2015-02-03 17:36:48
"634","IND",1,2015-02-03 17:36:48
"635","SF",5,2015-02-03 17:36:48
"636","ALI",1,2015-02-03 17:36:48
"637","PC",2,2015-02-03 17:36:48
"638","LAB",285,2015-02-02 17:14:12
"639","CON",283,2015-02-02 17:14:12
"640","SNP",35,2015-02-02 17:14:12
"641","LD",24,2015-02-02 17:14:12
"642","DUP",8,2015-02-02 17:14:12
"643","UKIP",2,2015-02-02 17:14:12
"644","SDLP",3,2015-02-02 17:14:12
"645","GRN",1,2015-02-02 17:14:12
"646","SPK",1,2015-02-02 17:14:12
"647","IND",1,2015-02-02 17:14:12
"648","SF",5,2015-02-02 17:14:12
"649","ALI",1,2015-02-02 17:14:12
"650","PC",1,2015-02-02 17:14:12
"651","LAB",285,2015-02-01 14:25:44
"652","CON",281,2015-02-01 14:25:44
"653","SNP",35,2015-02-01 14:25:44
"654","LD",24,2015-02-01 14:25:44
"655","DUP",8,2015-02-01 14:25:44
"656","UKIP",3,2015-02-01 14:25:44
"657","SDLP",3,2015-02-01 14:25:44
"658","GRN",1,2015-02-01 14:25:44
"659","SPK",1,2015-02-01 14:25:44
"660","IND",1,2015-02-01 14:25:44
"661","SF",5,2015-02-01 14:25:44
"662","ALI",1,2015-02-01 14:25:44
"663","PC",2,2015-02-01 14:25:44
"664","LAB",285,2015-01-30 16:32:55
"665","CON",283,2015-01-30 16:32:55
"666","SNP",32,2015-01-30 16:32:55
"667","LD",27,2015-01-30 16:32:55
"668","DUP",8,2015-01-30 16:32:55
"669","UKIP",2,2015-01-30 16:32:55
"670","SDLP",3,2015-01-30 16:32:55
"671","GRN",1,2015-01-30 16:32:55
"672","SPK",1,2015-01-30 16:32:55
"673","IND",1,2015-01-30 16:32:55
"674","SF",5,2015-01-30 16:32:55
"675","ALI",1,2015-01-30 16:32:55
"676","PC",1,2015-01-30 16:32:55
"677","CON",283,2015-01-29 20:20:34
"678","LAB",283,2015-01-29 20:20:34
"679","SNP",33,2015-01-29 20:20:34
"680","LD",27,2015-01-29 20:20:34
"681","DUP",8,2015-01-29 20:20:34
"682","UKIP",3,2015-01-29 20:20:34
"683","SDLP",3,2015-01-29 20:20:34
"684","GRN",1,2015-01-29 20:20:34
"685","SPK",1,2015-01-29 20:20:34
"686","IND",1,2015-01-29 20:20:34
"687","SF",5,2015-01-29 20:20:34
"688","ALI",1,2015-01-29 20:20:34
"689","PC",1,2015-01-29 20:20:34
"690","CON",283,2015-01-28 19:30:54
"691","LAB",283,2015-01-28 19:30:54
"692","SNP",33,2015-01-28 19:30:54
"693","LD",27,2015-01-28 19:30:54
"694","DUP",8,2015-01-28 19:30:54
"695","UKIP",3,2015-01-28 19:30:54
"696","SDLP",3,2015-01-28 19:30:54
"697","GRN",1,2015-01-28 19:30:54
"698","SPK",1,2015-01-28 19:30:54
"699","IND",1,2015-01-28 19:30:54
"700","SF",5,2015-01-28 19:30:54
"701","ALI",1,2015-01-28 19:30:54
"702","PC",1,2015-01-28 19:30:54
"703","CON",284,2015-01-27 19:07:09
"704","LAB",282,2015-01-27 19:07:09
"705","SNP",33,2015-01-27 19:07:09
"706","LD",27,2015-01-27 19:07:09
"707","DUP",8,2015-01-27 19:07:09
"708","UKIP",3,2015-01-27 19:07:09
"709","SDLP",3,2015-01-27 19:07:09
"710","GRN",1,2015-01-27 19:07:09
"711","SPK",1,2015-01-27 19:07:09
"712","IND",1,2015-01-27 19:07:09
"713","SF",5,2015-01-27 19:07:09
"714","ALI",1,2015-01-27 19:07:09
"715","PC",1,2015-01-27 19:07:09
"716","LAB",287,2015-01-26 16:47:20
"717","CON",280,2015-01-26 16:47:20
"718","SNP",32,2015-01-26 16:47:20
"719","LD",27,2015-01-26 16:47:20
"720","DUP",8,2015-01-26 16:47:20
"721","UKIP",3,2015-01-26 16:47:20
"722","SDLP",3,2015-01-26 16:47:20
"723","GRN",1,2015-01-26 16:47:20
"724","SPK",1,2015-01-26 16:47:20
"725","IND",1,2015-01-26 16:47:20
"726","SF",5,2015-01-26 16:47:20
"727","ALI",1,2015-01-26 16:47:20
"728","PC",1,2015-01-26 16:47:20
"729","LAB",284,2015-01-25 12:25:05
"730","CON",281,2015-01-25 12:25:05
"731","SNP",33,2015-01-25 12:25:05
"732","LD",28,2015-01-25 12:25:05
"733","DUP",8,2015-01-25 12:25:05
"734","UKIP",3,2015-01-25 12:25:05
"735","SDLP",3,2015-01-25 12:25:05
"736","GRN",1,2015-01-25 12:25:05
"737","SPK",1,2015-01-25 12:25:05
"738","IND",1,2015-01-25 12:25:05
"739","SF",5,2015-01-25 12:25:05
"740","ALI",1,2015-01-25 12:25:05
"741","PC",1,2015-01-25 12:25:05
"742","LAB",286,2015-01-23 17:31:32
"743","CON",278,2015-01-23 17:31:32
"744","SNP",34,2015-01-23 17:31:32
"745","LD",28,2015-01-23 17:31:32
"746","DUP",8,2015-01-23 17:31:32
"747","UKIP",3,2015-01-23 17:31:32
"748","SDLP",3,2015-01-23 17:31:32
"749","GRN",1,2015-01-23 17:31:32
"750","SPK",1,2015-01-23 17:31:32
"751","IND",1,2015-01-23 17:31:32
"752","SF",5,2015-01-23 17:31:32
"753","ALI",1,2015-01-23 17:31:32
"754","PC",1,2015-01-23 17:31:32
"755","LAB",282,2015-01-22 18:37:58
"756","CON",281,2015-01-22 18:37:58
"757","SNP",34,2015-01-22 18:37:58
"758","LD",28,2015-01-22 18:37:58
"759","DUP",8,2015-01-22 18:37:58
"760","UKIP",3,2015-01-22 18:37:58
"761","SDLP",3,2015-01-22 18:37:58
"762","GRN",1,2015-01-22 18:37:58
"763","SPK",1,2015-01-22 18:37:58
"764","IND",1,2015-01-22 18:37:58
"765","SF",5,2015-01-22 18:37:58
"766","ALI",1,2015-01-22 18:37:58
"767","PC",2,2015-01-22 18:37:58
"768","CON",282,2015-01-21 20:03:43
"769","LAB",281,2015-01-21 20:03:43
"770","SNP",34,2015-01-21 20:03:43
"771","LD",28,2015-01-21 20:03:43
"772","DUP",8,2015-01-21 20:03:43
"773","UKIP",3,2015-01-21 20:03:43
"774","SDLP",3,2015-01-21 20:03:43
"775","GRN",1,2015-01-21 20:03:43
"776","SPK",1,2015-01-21 20:03:43
"777","IND",1,2015-01-21 20:03:43
"778","SF",5,2015-01-21 20:03:43
"779","ALI",1,2015-01-21 20:03:43
"780","PC",2,2015-01-21 20:03:43
"781","CON",283,2015-01-20 17:12:27
"782","LAB",283,2015-01-20 17:12:27
"783","SNP",33,2015-01-20 17:12:27
"784","LD",26,2015-01-20 17:12:27
"785","DUP",8,2015-01-20 17:12:27
"786","UKIP",3,2015-01-20 17:12:27
"787","SDLP",3,2015-01-20 17:12:27
"788","GRN",1,2015-01-20 17:12:27
"789","SPK",1,2015-01-20 17:12:27
"790","IND",1,2015-01-20 17:12:27
"791","SF",5,2015-01-20 17:12:27
"792","ALI",1,2015-01-20 17:12:27
"793","PC",2,2015-01-20 17:12:27
"794","LAB",285,2015-01-19 18:21:04
"795","CON",281,2015-01-19 18:21:04
"796","SNP",32,2015-01-19 18:21:04
"797","LD",27,2015-01-19 18:21:04
"798","DUP",8,2015-01-19 18:21:04
"799","UKIP",3,2015-01-19 18:21:04
"800","SDLP",3,2015-01-19 18:21:04
"801","GRN",1,2015-01-19 18:21:04
"802","SPK",1,2015-01-19 18:21:04
"803","IND",1,2015-01-19 18:21:04
"804","SF",5,2015-01-19 18:21:04
"805","ALI",1,2015-01-19 18:21:04
"806","PC",2,2015-01-19 18:21:04
"807","LAB",284,2015-01-18 14:05:52
"808","CON",281,2015-01-18 14:05:52
"809","SNP",33,2015-01-18 14:05:52
"810","LD",27,2015-01-18 14:05:52
"811","DUP",8,2015-01-18 14:05:52
"812","UKIP",3,2015-01-18 14:05:52
"813","SDLP",3,2015-01-18 14:05:52
"814","GRN",1,2015-01-18 14:05:52
"815","SPK",1,2015-01-18 14:05:52
"816","IND",1,2015-01-18 14:05:52
"817","SF",5,2015-01-18 14:05:52
"818","ALI",1,2015-01-18 14:05:52
"819","PC",2,2015-01-18 14:05:52
"820","LAB",287,2015-01-16 16:36:17
"821","CON",279,2015-01-16 16:36:17
"822","SNP",32,2015-01-16 16:36:17
"823","LD",27,2015-01-16 16:36:17
"824","DUP",8,2015-01-16 16:36:17
"825","UKIP",3,2015-01-16 16:36:17
"826","SDLP",3,2015-01-16 16:36:17
"827","GRN",1,2015-01-16 16:36:17
"828","SPK",1,2015-01-16 16:36:17
"829","IND",1,2015-01-16 16:36:17
"830","SF",5,2015-01-16 16:36:17
"831","ALI",1,2015-01-16 16:36:17
"832","PC",2,2015-01-16 16:36:17
"833","LAB",289,2015-01-15 19:54:19
"834","CON",277,2015-01-15 19:54:19
"835","SNP",32,2015-01-15 19:54:19
"836","LD",27,2015-01-15 19:54:19
"837","DUP",8,2015-01-15 19:54:19
"838","UKIP",3,2015-01-15 19:54:19
"839","SDLP",3,2015-01-15 19:54:19
"840","GRN",1,2015-01-15 19:54:19
"841","SPK",1,2015-01-15 19:54:19
"842","IND",1,2015-01-15 19:54:19
"843","SF",5,2015-01-15 19:54:19
"844","ALI",1,2015-01-15 19:54:19
"845","PC",2,2015-01-15 19:54:19
"846","LAB",283,2015-01-14 15:30:17
"847","CON",281,2015-01-14 15:30:17
"848","SNP",34,2015-01-14 15:30:17
"849","LD",27,2015-01-14 15:30:17
"850","DUP",8,2015-01-14 15:30:17
"851","UKIP",3,2015-01-14 15:30:17
"852","SDLP",3,2015-01-14 15:30:17
"853","GRN",1,2015-01-14 15:30:17
"854","SPK",1,2015-01-14 15:30:17
"855","IND",1,2015-01-14 15:30:17
"856","SF",5,2015-01-14 15:30:17
"857","ALI",1,2015-01-14 15:30:17
"858","PC",2,2015-01-14 15:30:17
"859","LAB",285,2015-01-13 18:33:21
"860","CON",281,2015-01-13 18:33:21
"861","SNP",32,2015-01-13 18:33:21
"862","LD",27,2015-01-13 18:33:21
"863","DUP",8,2015-01-13 18:33:21
"864","UKIP",3,2015-01-13 18:33:21
"865","SDLP",3,2015-01-13 18:33:21
"866","GRN",1,2015-01-13 18:33:21
"867","SPK",1,2015-01-13 18:33:21
"868","IND",1,2015-01-13 18:33:21
"869","SF",5,2015-01-13 18:33:21
"870","ALI",1,2015-01-13 18:33:21
"871","PC",2,2015-01-13 18:33:21
"872","CON",284,2015-01-12 18:46:54
"873","LAB",280,2015-01-12 18:46:54
"874","SNP",33,2015-01-12 18:46:54
"875","LD",28,2015-01-12 18:46:54
"876","DUP",8,2015-01-12 18:46:54
"877","UKIP",3,2015-01-12 18:46:54
"878","SDLP",3,2015-01-12 18:46:54
"879","GRN",1,2015-01-12 18:46:54
"880","SPK",1,2015-01-12 18:46:54
"881","IND",1,2015-01-12 18:46:54
"882","SF",5,2015-01-12 18:46:54
"883","ALI",1,2015-01-12 18:46:54
"884","PC",2,2015-01-12 18:46:54
"885","CON",284,2015-01-09 16:22:40
"886","LAB",281,2015-01-09 16:22:40
"887","SNP",34,2015-01-09 16:22:40
"888","LD",26,2015-01-09 16:22:40
"889","DUP",8,2015-01-09 16:22:40
"890","UKIP",3,2015-01-09 16:22:40
"891","SDLP",3,2015-01-09 16:22:40
"892","GRN",1,2015-01-09 16:22:40
"893","SPK",1,2015-01-09 16:22:40
"894","IND",1,2015-01-09 16:22:40
"895","SF",5,2015-01-09 16:22:40
"896","ALI",1,2015-01-09 16:22:40
"897","PC",2,2015-01-09 16:22:40
"898","CON",284,2015-01-08 12:55:19
"899","LAB",282,2015-01-08 12:55:19
"900","SNP",33,2015-01-08 12:55:19
"901","LD",26,2015-01-08 12:55:19
"902","DUP",8,2015-01-08 12:55:19
"903","UKIP",3,2015-01-08 12:55:19
"904","SDLP",3,2015-01-08 12:55:19
"905","GRN",1,2015-01-08 12:55:19
"906","SPK",1,2015-01-08 12:55:19
"907","IND",1,2015-01-08 12:55:19
"908","SF",5,2015-01-08 12:55:19
"909","ALI",1,2015-01-08 12:55:19
"910","PC",2,2015-01-08 12:55:19
"911","LAB",284,2015-01-07 18:10:56
"912","CON",281,2015-01-07 18:10:56
"913","SNP",35,2015-01-07 18:10:56
"914","LD",25,2015-01-07 18:10:56
"915","DUP",8,2015-01-07 18:10:56
"916","UKIP",3,2015-01-07 18:10:56
"917","SDLP",3,2015-01-07 18:10:56
"918","GRN",1,2015-01-07 18:10:56
"919","SPK",1,2015-01-07 18:10:56
"920","IND",1,2015-01-07 18:10:56
"921","SF",5,2015-01-07 18:10:56
"922","ALI",1,2015-01-07 18:10:56
"923","PC",2,2015-01-07 18:10:56
"924","LAB",288,2015-01-06 09:39:05
"925","CON",278,2015-01-06 09:39:05
"926","SNP",33,2015-01-06 09:39:05
"927","LD",26,2015-01-06 09:39:05
"928","DUP",8,2015-01-06 09:39:05
"929","UKIP",3,2015-01-06 09:39:05
"930","SDLP",3,2015-01-06 09:39:05
"931","GRN",1,2015-01-06 09:39:05
"932","SPK",1,2015-01-06 09:39:05
"933","IND",1,2015-01-06 09:39:05
"934","SF",5,2015-01-06 09:39:05
"935","ALI",1,2015-01-06 09:39:05
"936","PC",2,2015-01-06 09:39:05
"937","LAB",286,2015-01-05 22:48:39
"938","CON",280,2015-01-05 22:48:39
"939","SNP",33,2015-01-05 22:48:39
"940","LD",26,2015-01-05 22:48:39
"941","DUP",8,2015-01-05 22:48:39
"942","UKIP",3,2015-01-05 22:48:39
"943","SDLP",3,2015-01-05 22:48:39
"944","GRN",1,2015-01-05 22:48:39
"945","SPK",1,2015-01-05 22:48:39
"946","IND",1,2015-01-05 22:48:39
"947","SF",5,2015-01-05 22:48:39
"948","ALI",1,2015-01-05 22:48:39
"949","PC",2,2015-01-05 22:48:39
"950","LAB",287,2015-01-04 10:41:33
"951","CON",279,2015-01-04 10:41:33
"952","SNP",33,2015-01-04 10:41:33
"953","LD",26,2015-01-04 10:41:33
"954","DUP",8,2015-01-04 10:41:33
"955","UKIP",3,2015-01-04 10:41:33
"956","SDLP",3,2015-01-04 10:41:33
"957","GRN",1,2015-01-04 10:41:33
"958","SPK",1,2015-01-04 10:41:33
"959","IND",1,2015-01-04 10:41:33
"960","SF",5,2015-01-04 10:41:33
"961","ALI",1,2015-01-04 10:41:33
"962","PC",2,2015-01-04 10:41:33
"963","LAB",289,2015-01-02 10:34:29
"964","CON",276,2015-01-02 10:34:29
"965","SNP",34,2015-01-02 10:34:29
"966","LD",26,2015-01-02 10:34:29
"967","DUP",8,2015-01-02 10:34:29
"968","UKIP",3,2015-01-02 10:34:29
"969","SDLP",3,2015-01-02 10:34:29
"970","GRN",1,2015-01-02 10:34:29
"971","SPK",1,2015-01-02 10:34:29
"972","IND",1,2015-01-02 10:34:29
"973","SF",5,2015-01-02 10:34:29
"974","ALI",1,2015-01-02 10:34:29
"975","PC",2,2015-01-02 10:34:29
"976","LAB",288,2014-12-28 16:59:28
"977","CON",277,2014-12-28 16:59:28
"978","SNP",35,2014-12-28 16:59:28
"979","LD",25,2014-12-28 16:59:28
"980","DUP",8,2014-12-28 16:59:28
"981","UKIP",3,2014-12-28 16:59:28
"982","SDLP",3,2014-12-28 16:59:28
"983","GRN",1,2014-12-28 16:59:28
"984","SPK",1,2014-12-28 16:59:28
"985","IND",1,2014-12-28 16:59:28
"986","SF",5,2014-12-28 16:59:28
"987","ALI",1,2014-12-28 16:59:28
"988","PC",2,2014-12-28 16:59:28
"989","LAB",285,2014-12-23 16:38:26
"990","CON",279,2014-12-23 16:38:26
"991","SNP",35,2014-12-23 16:38:26
"992","LD",26,2014-12-23 16:38:26
"993","DUP",8,2014-12-23 16:38:26
"994","UKIP",3,2014-12-23 16:38:26
"995","SDLP",3,2014-12-23 16:38:26
"996","GRN",1,2014-12-23 16:38:26
"997","SPK",1,2014-12-23 16:38:26
"998","IND",1,2014-12-23 16:38:26
"999","SF",5,2014-12-23 16:38:26
"1000","ALI",1,2014-12-23 16:38:26
"1001","PC",2,2014-12-23 16:38:26
"1002","LAB",286,2014-12-21 13:57:32
"1003","CON",278,2014-12-21 13:57:32
"1004","SNP",35,2014-12-21 13:57:32
"1005","LD",26,2014-12-21 13:57:32
"1006","DUP",8,2014-12-21 13:57:32
"1007","UKIP",3,2014-12-21 13:57:32
"1008","SDLP",3,2014-12-21 13:57:32
"1009","GRN",1,2014-12-21 13:57:32
"1010","SPK",1,2014-12-21 13:57:32
"1011","IND",1,2014-12-21 13:57:32
"1012","SF",5,2014-12-21 13:57:32
"1013","ALI",1,2014-12-21 13:57:32
"1014","PC",2,2014-12-21 13:57:32
"1015","LAB",282,2014-12-19 12:08:29
"1016","CON",281,2014-12-19 12:08:29
"1017","SNP",34,2014-12-19 12:08:29
"1018","LD",28,2014-12-19 12:08:29
"1019","DUP",8,2014-12-19 12:08:29
"1020","UKIP",3,2014-12-19 12:08:29
"1021","SDLP",3,2014-12-19 12:08:29
"1022","GRN",1,2014-12-19 12:08:29
"1023","SPK",1,2014-12-19 12:08:29
"1024","IND",1,2014-12-19 12:08:29
"1025","SF",5,2014-12-19 12:08:29
"1026","ALI",1,2014-12-19 12:08:29
"1027","PC",2,2014-12-19 12:08:29
"1028","CON",283,2014-12-18 15:45:52
"1029","LAB",279,2014-12-18 15:45:52
"1030","SNP",35,2014-12-18 15:45:52
"1031","LD",28,2014-12-18 15:45:52
"1032","DUP",8,2014-12-18 15:45:52
"1033","UKIP",3,2014-12-18 15:45:52
"1034","SDLP",3,2014-12-18 15:45:52
"1035","GRN",1,2014-12-18 15:45:52
"1036","SPK",1,2014-12-18 15:45:52
"1037","IND",1,2014-12-18 15:45:52
"1038","SF",5,2014-12-18 15:45:52
"1039","ALI",1,2014-12-18 15:45:52
"1040","PC",2,2014-12-18 15:45:52
"1041","LAB",283,2014-12-17 09:48:37
"1042","CON",280,2014-12-17 09:48:37
"1043","SNP",34,2014-12-17 09:48:37
"1044","LD",28,2014-12-17 09:48:37
"1045","DUP",7,2014-12-17 09:48:37
"1046","UKIP",3,2014-12-17 09:48:37
"1047","SDLP",3,2014-12-17 09:48:37
"1048","GRN",1,2014-12-17 09:48:37
"1049","SPK",1,2014-12-17 09:48:37
"1050","IND",1,2014-12-17 09:48:37
"1051","SF",5,2014-12-17 09:48:37
"1052","ALI",1,2014-12-17 09:48:37
"1053","PC",3,2014-12-17 09:48:37
"1054","LAB",283,2014-12-16 09:06:21
"1055","CON",280,2014-12-16 09:06:21
"1056","SNP",34,2014-12-16 09:06:21
"1057","LD",27,2014-12-16 09:06:21
"1058","DUP",8,2014-12-16 09:06:21
"1059","UKIP",3,2014-12-16 09:06:21
"1060","SDLP",3,2014-12-16 09:06:21
"1061","GRN",1,2014-12-16 09:06:21
"1062","SPK",1,2014-12-16 09:06:21
"1063","IND",1,2014-12-16 09:06:21
"1064","SF",5,2014-12-16 09:06:21
"1065","ALI",1,2014-12-16 09:06:21
"1066","PC",3,2014-12-16 09:06:21
"1067","CON",282,2014-12-14 12:41:26
"1068","LAB",279,2014-12-14 12:41:26
"1069","SNP",36,2014-12-14 12:41:26
"1070","LD",27,2014-12-14 12:41:26
"1071","DUP",8,2014-12-14 12:41:26
"1072","UKIP",3,2014-12-14 12:41:26
"1073","SDLP",3,2014-12-14 12:41:26
"1074","GRN",1,2014-12-14 12:41:26
"1075","SPK",1,2014-12-14 12:41:26
"1076","IND",1,2014-12-14 12:41:26
"1077","SF",5,2014-12-14 12:41:26
"1078","ALI",1,2014-12-14 12:41:26
"1079","PC",3,2014-12-14 12:41:26
"1080","LAB",283,2014-12-12 20:18:18
"1081","CON",280,2014-12-12 20:18:18
"1082","SNP",34,2014-12-12 20:18:18
"1083","LD",27,2014-12-12 20:18:18
"1084","DUP",8,2014-12-12 20:18:18
"1085","UKIP",3,2014-12-12 20:18:18
"1086","SDLP",3,2014-12-12 20:18:18
"1087","GRN",1,2014-12-12 20:18:18
"1088","SPK",1,2014-12-12 20:18:18
"1089","IND",1,2014-12-12 20:18:18
"1090","SF",5,2014-12-12 20:18:18
"1091","ALI",1,2014-12-12 20:18:18
"1092","PC",3,2014-12-12 20:18:18
"1093","CON",282,2014-12-11 12:58:28
"1094","LAB",279,2014-12-11 12:58:28
"1095","SNP",36,2014-12-11 12:58:28
"1096","LD",27,2014-12-11 12:58:28
"1097","UKIP",3,2014-12-11 12:58:28
"1098","DUP",8,2014-12-11 12:58:28
"1099","SDLP",3,2014-12-11 12:58:28
"1100","GRN",1,2014-12-11 12:58:28
"1101","SPK",1,2014-12-11 12:58:28
"1102","IND",1,2014-12-11 12:58:28
"1103","SF",5,2014-12-11 12:58:28
"1104","ALI",1,2014-12-11 12:58:28
"1105","PC",3,2014-12-11 12:58:28
"1106","CON",282,2014-12-10 11:04:28
"1107","LAB",279,2014-12-10 11:04:28
"1108","SNP",36,2014-12-10 11:04:28
"1109","LD",27,2014-12-10 11:04:28
"1110","UKIP",3,2014-12-10 11:04:28
"1111","DUP",8,2014-12-10 11:04:28
"1112","SDLP",3,2014-12-10 11:04:28
"1113","GRN",1,2014-12-10 11:04:28
"1114","SPK",1,2014-12-10 11:04:28
"1115","IND",1,2014-12-10 11:04:28
"1116","SF",5,2014-12-10 11:04:28
"1117","ALI",1,2014-12-10 11:04:28
"1118","PC",3,2014-12-10 11:04:28
"1119","LAB",281,2014-12-09 13:23:30
"1120","CON",280,2014-12-09 13:23:30
"1121","SNP",36,2014-12-09 13:23:30
"1122","LD",27,2014-12-09 13:23:30
"1123","UKIP",3,2014-12-09 13:23:30
"1124","DUP",8,2014-12-09 13:23:30
"1125","SDLP",3,2014-12-09 13:23:30
"1126","GRN",1,2014-12-09 13:23:30
"1127","SPK",1,2014-12-09 13:23:30
"1128","IND",1,2014-12-09 13:23:30
"1129","SF",5,2014-12-09 13:23:30
"1130","ALI",1,2014-12-09 13:23:30
"1131","PC",3,2014-12-09 13:23:30
"1132","LAB",282,2014-12-08 17:02:03
"1133","CON",280,2014-12-08 17:02:03
"1134","SNP",35,2014-12-08 17:02:03
"1135","LD",27,2014-12-08 17:02:03
"1136","UKIP",3,2014-12-08 17:02:03
"1137","DUP",8,2014-12-08 17:02:03
"1138","SDLP",3,2014-12-08 17:02:03
"1139","GRN",1,2014-12-08 17:02:03
"1140","SPK",1,2014-12-08 17:02:03
"1141","IND",1,2014-12-08 17:02:03
"1142","SF",5,2014-12-08 17:02:03
"1143","ALI",1,2014-12-08 17:02:03
"1144","PC",3,2014-12-08 17:02:03
"1145","CON",284,2014-12-07 13:22:14
"1146","LAB",276,2014-12-07 13:22:14
"1147","SNP",37,2014-12-07 13:22:14
"1148","LD",27,2014-12-07 13:22:14
"1149","UKIP",3,2014-12-07 13:22:14
"1150","DUP",8,2014-12-07 13:22:14
"1151","SDLP",3,2014-12-07 13:22:14
"1152","GRN",1,2014-12-07 13:22:14
"1153","SPK",1,2014-12-07 13:22:14
"1154","IND",1,2014-12-07 13:22:14
"1155","SF",5,2014-12-07 13:22:14
"1156","ALI",1,2014-12-07 13:22:14
"1157","PC",3,2014-12-07 13:22:14
"1158","CON",287,2014-11-28 15:00:25
"1159","LAB",279,2014-11-28 15:00:25
"1160","LD",27,2014-11-28 15:00:25
"1161","SNP",31,2014-11-28 15:00:25
"1162","UKIP",4,2014-11-28 15:00:25
"1163","DUP",8,2014-11-28 15:00:25
"1164","SDLP",3,2014-11-28 15:00:25
"1165","GRN",1,2014-11-28 15:00:25
"1166","SPK",1,2014-11-28 15:00:25
"1167","IND",1,2014-11-28 15:00:25
"1168","SF",5,2014-11-28 15:00:25
"1169","ALI",1,2014-11-28 15:00:25
"1170","PC",2,2014-11-28 15:00:25
"1171","CON",285,2014-11-27 15:22:23
"1172","LAB",280,2014-11-27 15:22:23
"1173","LD",27,2014-11-27 15:22:23
"1174","SNP",32,2014-11-27 15:22:23
"1175","UKIP",4,2014-11-27 15:22:23
"1176","DUP",8,2014-11-27 15:22:23
"1177","SDLP",3,2014-11-27 15:22:23
"1178","GRN",1,2014-11-27 15:22:23
"1179","SPK",1,2014-11-27 15:22:23
"1180","IND",1,2014-11-27 15:22:23
"1181","SF",5,2014-11-27 15:22:23
"1182","ALI",1,2014-11-27 15:22:23
"1183","PC",2,2014-11-27 15:22:23
"1184","CON",284,2014-11-26 15:02:28
"1185","LAB",284,2014-11-26 15:02:28
"1186","LD",24,2014-11-26 15:02:28
"1187","SNP",33,2014-11-26 15:02:28
"1188","UKIP",3,2014-11-26 15:02:28
"1189","DUP",8,2014-11-26 15:02:28
"1190","SDLP",3,2014-11-26 15:02:28
"1191","GRN",1,2014-11-26 15:02:28
"1192","SPK",1,2014-11-26 15:02:28
"1193","IND",1,2014-11-26 15:02:28
"1194","SF",5,2014-11-26 15:02:28
"1195","ALI",1,2014-11-26 15:02:28
"1196","PC",2,2014-11-26 15:02:28
"1197","CON",283,2014-11-25 18:07:44
"1198","LAB",285,2014-11-25 18:07:44
"1199","LD",24,2014-11-25 18:07:44
"1200","SNP",33,2014-11-25 18:07:44
"1201","UKIP",3,2014-11-25 18:07:44
"1202","DUP",8,2014-11-25 18:07:44
"1203","SDLP",3,2014-11-25 18:07:44
"1204","GRN",1,2014-11-25 18:07:44
"1205","SPK",1,2014-11-25 18:07:44
"1206","IND",1,2014-11-25 18:07:44
"1207","SF",5,2014-11-25 18:07:44
"1208","ALI",1,2014-11-25 18:07:44
"1209","PC",2,2014-11-25 18:07:44
"1210","CON",283,2014-11-24 18:00:24
"1211","LAB",284,2014-11-24 18:00:24
"1212","LD",24,2014-11-24 18:00:24
"1213","SNP",33,2014-11-24 18:00:24
"1214","UKIP",4,2014-11-24 18:00:24
"1215","DUP",8,2014-11-24 18:00:24
"1216","SDLP",3,2014-11-24 18:00:24
"1217","GRN",1,2014-11-24 18:00:24
"1218","SPK",1,2014-11-24 18:00:24
"1219","IND",1,2014-11-24 18:00:24
"1220","SF",5,2014-11-24 18:00:24
"1221","ALI",1,2014-11-24 18:00:24
"1222","PC",2,2014-11-24 18:00:24
"1223","CON",286,2014-11-23 09:31:29
"1224","LAB",281,2014-11-23 09:31:29
"1225","LD",24,2014-11-23 09:31:29
"1226","SNP",33,2014-11-23 09:31:29
"1227","UKIP",4,2014-11-23 09:31:29
"1228","DUP",8,2014-11-23 09:31:29
"1229","SDLP",3,2014-11-23 09:31:29
"1230","GRN",1,2014-11-23 09:31:29
"1231","SPK",1,2014-11-23 09:31:29
"1232","IND",1,2014-11-23 09:31:29
"1233","SF",5,2014-11-23 09:31:29
"1234","ALI",1,2014-11-23 09:31:29
"1235","PC",2,2014-11-23 09:31:29
"1236","CON",286,2014-11-21 13:00:50
"1237","LAB",280,2014-11-21 13:00:50
"1238","LD",24,2014-11-21 13:00:50
"1239","SNP",34,2014-11-21 13:00:50
"1240","UKIP",4,2014-11-21 13:00:50
"1241","DUP",8,2014-11-21 13:00:50
"1242","SDLP",3,2014-11-21 13:00:50
"1243","GRN",1,2014-11-21 13:00:50
"1244","SPK",1,2014-11-21 13:00:50
"1245","IND",1,2014-11-21 13:00:50
"1246","SF",5,2014-11-21 13:00:50
"1247","ALI",1,2014-11-21 13:00:50
"1248","PC",2,2014-11-21 13:00:50
"1249","CON",287,2014-11-20 11:21:54
"1250","LAB",282,2014-11-20 11:21:54
"1251","LD",25,2014-11-20 11:21:54
"1252","SNP",30,2014-11-20 11:21:54
"1253","UKIP",4,2014-11-20 11:21:54
"1254","DUP",8,2014-11-20 11:21:54
"1255","SDLP",3,2014-11-20 11:21:54
"1256","GRN",1,2014-11-20 11:21:54
"1257","SPK",1,2014-11-20 11:21:54
"1258","IND",1,2014-11-20 11:21:54
"1259","SF",5,2014-11-20 11:21:54
"1260","ALI",1,2014-11-20 11:21:54
"1261","PC",2,2014-11-20 11:21:54
"1262","CON",286,2014-11-19 10:27:28
"1263","LAB",284,2014-11-19 10:27:28
"1264","LD",25,2014-11-19 10:27:28
"1265","SNP",29,2014-11-19 10:27:28
"1266","UKIP",4,2014-11-19 10:27:28
"1267","DUP",8,2014-11-19 10:27:28
"1268","SDLP",3,2014-11-19 10:27:28
"1269","GRN",1,2014-11-19 10:27:28
"1270","SPK",1,2014-11-19 10:27:28
"1271","IND",1,2014-11-19 10:27:28
"1272","SF",5,2014-11-19 10:27:28
"1273","ALI",1,2014-11-19 10:27:28
"1274","PC",2,2014-11-19 10:27:28
"1275","CON",286,2014-11-18 17:16:47
"1276","LAB",283,2014-11-18 17:16:47
"1277","LD",25,2014-11-18 17:16:47
"1278","SNP",30,2014-11-18 17:16:47
"1279","UKIP",4,2014-11-18 17:16:47
"1280","DUP",8,2014-11-18 17:16:47
"1281","SDLP",3,2014-11-18 17:16:47
"1282","GRN",1,2014-11-18 17:16:47
"1283","SPK",1,2014-11-18 17:16:47
"1284","IND",1,2014-11-18 17:16:47
"1285","SF",5,2014-11-18 17:16:47
"1286","ALI",1,2014-11-18 17:16:47
"1287","PC",2,2014-11-18 17:16:47
"1288","CON",281,2014-11-17 17:22:24
"1289","LAB",284,2014-11-17 17:22:24
"1290","LD",24,2014-11-17 17:22:24
"1291","SNP",34,2014-11-17 17:22:24
"1292","UKIP",4,2014-11-17 17:22:24
"1293","DUP",8,2014-11-17 17:22:24
"1294","SDLP",3,2014-11-17 17:22:24
"1295","GRN",1,2014-11-17 17:22:24
"1296","SPK",1,2014-11-17 17:22:24
"1297","IND",1,2014-11-17 17:22:24
"1298","SF",5,2014-11-17 17:22:24
"1299","ALI",1,2014-11-17 17:22:24
"1300","PC",3,2014-11-17 17:22:24
